5.025989435167385055e-01 6.309531339183424015e-01 5.415622662286235789e-01 4.025293624531089964e-01 9.807691607274028334e-01
7.975198584706622018e-01 4.837576781922264813e-01 3.723812132132060526e-01 9.829639421298674851e-02 1.652368554132823686e-01
5.673943994629521148e-01 3.847791840516902040e-01 9.360554466029041842e-01 6.089838228107089524e-01 3.130061386834703807e-02
4.137060927659699239e-01 3.742474138443540044e-01 8.778021178240895672e-01 4.913279363550163703e-01 8.889281738793172183e-01
5.025989435167385055e-01 6.309531339183424015e-01 5.415622662286235789e-01 4.025293624531089964e-01 9.807691607274028334e-01
7.975198584706622018e-01 4.837576781922264813e-01 3.723812132132060526e-01 9.829639421298674851e-02 1.652368554132823686e-01
5.673943994629521148e-01 3.847791840516902040e-01 9.360554466029041842e-01 6.089838228107089524e-01 3.130061386834703807e-02
4.137060927659699239e-01 3.742474138443540044e-01 8.778021178240895672e-01 4.913279363550163703e-01 8.889281738793172183e-01
5.025989435167385055e-01 6.309531339183424015e-01 5.415622662286235789e-01 4.025293624531089964e-01 9.807691607274028334e-01
7.975198584706622018e-01 4.837576781922264813e-01 3.723812132132060526e-01 9.829639421298674851e-02 1.652368554132823686e-01
5.673943994629521148e-01 3.847791840516902040e-01 9.360554466029041842e-01 6.089838228107089524e-01 3.130061386834703807e-02
4.137060927659699239e-01 3.742474138443540044e-01 8.778021178240895672e-01 4.913279363550163703e-01 8.889281738793172183e-01
